1000 2
389 818.46440016
389 277.08902249
839 380.07580798
610 600.95056001
354 777.70378735
809 475.29819636
346 352.16705832
634 166.54737999
115 113.80349132
198 569.08310190
77 191.75905637
330 385.29847102
429 717.06060976
792 396.57322916
661 82.78157903
631 278.68596454
787 693.46992401
295 116.39948729
227 922.94952239
866 424.28516495
365 644.22934660
881 494.98590045
69 115.08929716
233 755.70186468
875 482.70751061
782 567.42127750
145 819.95010224
161 147.33030183
785 816.60890530
443 856.38172552
257 819.14011048
513 360.29737236
946 100.71251564
908 656.20563372
869 518.57496872
145 576.99993896
631 634.68004395
358 378.38837855
733 835.61024812
450 766.59959716
137 645.01388592
275 841.43723869
597 634.08557390
873 301.46473586
561 496.25443281
427 548.09347819
574 597.93002106
911 326.44831690
219 502.47578356
662 194.32084109
721 187.28864406
928 85.33610034
649 340.33140049
790 367.79165014
677 714.34714805
982 506.17178869
630 82.54844813
251 930.55058443
976 471.36710715
152 669.64632099
250 366.60142827
149 813.43598743
192 263.38947722
869 688.33545946
399 649.46775719
24 339.53794977
70 542.73821223
344 922.28305918
542 214.43598743
450 595.20999786
604 442.76659444
891 687.21741386
945 503.15497299
755 859.66939299
829 861.26786096
664 348.08780175
379 310.61922056
218 658.67680898
448 258.85253456
608 895.89403974
322 588.02475051
289 206.25882748
168 422.40775781
169 383.85259560
59 146.68224128
853 934.54335154
362 325.40049440
93 175.16452528
68 105.11365093
368 711.30231635
352 581.10553301
651 873.79488510
936 106.36310923
49 292.19425031
83 436.28965117
67 242.76183355
7 326.96646016
851 485.50175481
554 775.61381878
718 558.90188299
3 941.42063662
977 652.37073885
367 691.75841548
26 307.93710135
65 689.97119053
231 432.71184423
553 678.67857906
96 529.12137211
112 95.71098972
486 637.97314371
743 82.32157353
900 233.87014374
593 110.05023347
822 805.51768548
948 732.45878475
623 557.34043397
628 243.70952483
434 473.43089084
27 112.66328928
873 326.81347087
328 146.17529832
461 175.95550401
292 827.69179357
440 658.01327555
980 855.21936705
826 189.09231849
950 565.38386181
796 812.45084994
47 301.73262734
943 318.71126438
742 913.79744865
199 561.38743248
529 827.84215827
716 573.01528977
200 241.79967650
73 421.51063570
857 513.78032777
406 435.70207831
451 829.83135472
981 54.91717277
568 289.47444075
247 727.66649373
58 358.06408887
925 752.49610889
694 498.32593768
754 112.58778649
568 642.66869106
869 902.30622272
796 447.14777062
707 241.24561296
995 464.41364788
797 480.04110843
914 593.72875149
725 642.90780358
797 175.31257057
295 934.17609180
27 649.99346904
136 209.63466292
664 558.53904843
44 833.89046907
909 721.22690512
42 83.84270760
288 879.32782983
274 391.35880612
317 251.33222449
268 290.97204505
213 867.08133183
304 368.50538652
891 419.59013642
287 385.60103153
689 692.39954833
396 419.81490524
570 538.88943144
15 811.85192419
783 792.25296793
603 524.29395428
308 760.89672536
560 151.43110446
230 839.01657155
866 939.17639698
691 548.13449507
688 890.14825892
476 704.58397168
925 113.46671957
211 222.43604846
77 527.25748466
894 760.28028199
317 731.91491440
79 541.74608600
208 140.46433912
432 63.79284036
38 618.11786248
115 502.70720542
899 349.87765130
458 822.35059664
403 494.55854976
611 840.13830988
769 757.74602496
653 343.04562517
694 85.41743217
426 702.52354503
738 733.63652455
852 237.05169836
413 673.50141911
150 260.80733665
308 119.81142613
4 844.15536973
337 929.64491714
445 367.99633778
47 489.13022248
683 665.63423566
826 669.76195563
601 224.87682730
176 178.29816584
199 624.67470321
885 404.93124180
677 311.38694418
683 528.30347606
898 348.69969787
777 658.94705039
529 668.71846675
49 787.02807703
630 932.93823054
631 314.59898679
681 756.84701071
540 228.94329661
1 421.51094089
947 87.34067812
112 153.36487930
180 399.78481399
632 655.50001526
385 56.34681234
394 371.79686880
146 379.52073733
859 434.35279397
312 730.37376019
900 284.75023652
520 336.07126072
342 703.24509415
327 537.55787835
841 301.04263436
994 416.74767296
182 838.40513321
592 335.09875790
447 264.40614032
594 365.11041597
725 343.66023743
387 746.57280190
318 348.12976470
607 918.91634877
420 576.94131291
114 411.91644032
305 620.99670400
730 465.77480392
988 320.35917234
112 622.84212775
628 773.95190283
373 388.80498672
291 521.41758477
871 649.88671529
149 411.31595813
705 148.99276711
470 734.43736076
599 894.39667959
858 629.06860561
913 322.18823817
451 227.65187536
822 868.06585894
481 534.50599689
630 704.68547624
220 781.08130131
725 109.50572222
679 113.98849452
213 256.60234382
550 553.22168645
783 581.04382458
428 882.93600269
204 601.91692862
971 149.66106143
603 500.39506211
588 768.55665761
257 874.78646199
675 685.70601520
980 418.89614551
413 111.99346904
265 721.48280282
322 888.59236427
593 924.33106479
363 641.33927427
501 490.88634907
539 724.40961943
19 355.62471389
174 936.65071566
791 581.12594989
851 612.33747368
504 603.83495590
782 564.73131504
530 448.79277932
960 102.23071993
672 627.41959899
512 835.35209204
401 775.97155675
776 216.97546312
177 775.19486068
634 317.97839290
31 928.08575701
870 785.86977752
167 197.86346019
404 714.31876583
730 599.77703177
758 385.62974944
103 298.49961852
506 100.33338420
278 714.49580370
985 874.84887234
932 612.40476699
551 912.05575732
969 869.40577410
252 766.26425977
644 790.00546281
209 625.81463057
428 569.98089541
166 632.77724540
451 366.18707846
931 808.02258370
345 228.95107883
173 675.86867885
942 227.52742088
111 424.91018403
806 738.09347819
953 619.74398022
884 255.60115360
524 674.04910428
185 697.22934660
74 586.78130436
803 480.06775109
57 642.41908017
409 723.99227882
382 587.38080996
191 274.43586535
374 655.86889248
697 163.28867458
218 916.42320017
452 864.38648640
76 925.03747673
660 804.24491104
939 629.60261849
643 71.81685842
331 616.94457839
951 816.27854244
977 754.55613880
602 821.43812372
856 663.24713889
104 459.93169958
284 626.48768578
281 746.55525376
632 895.31394391
919 528.49528489
233 947.43455306
457 891.49693289
923 891.73870052
186 790.76851711
125 585.89507736
227 264.28989532
278 179.26200140
285 325.64537492
201 124.58027894
985 366.42692343
681 744.55610828
446 524.15225684
632 800.18881802
1000 128.48377941
771 560.45768609
617 650.61671804
654 549.66432691
521 644.35801263
355 335.51081881
44 108.43110446
853 425.80150761
140 480.53105258
148 353.83953368
779 739.46299631
668 517.81029695
469 617.73561815
982 388.33533738
100 207.88348033
392 73.07150487
357 662.17593921
361 366.83956420
168 111.86486404
486 811.42591632
555 875.35142064
25 515.03106784
60 708.24115726
404 220.46485794
858 899.82729575
916 110.73757134
448 63.72527238
137 444.79213843
532 829.79668569
144 199.88961455
942 744.77651296
146 387.72487564
134 759.77721488
953 454.83590197
390 126.71236305
975 92.40284433
381 613.28620258
705 135.23868526
833 749.15802484
414 674.77471236
169 697.83806879
960 515.26804407
924 205.89248329
85 714.21564379
532 494.31214331
275 744.36414686
502 304.65263833
404 833.65160070
438 193.41914121
347 848.86767174
821 783.96755882
351 51.29078036
122 723.47456282
144 472.27051607
227 329.14288766
598 662.69679861
984 719.49717704
571 320.47315897
436 454.33256020
482 345.21951964
747 728.47126682
789 121.04153569
365 255.48271126
96 768.85137486
260 508.98220771
232 381.41911069
356 387.58391064
219 918.39603870
765 490.29621265
655 817.96334727
168 238.19537950
795 749.16830958
495 511.53239540
861 510.09018220
143 346.01385540
65 571.52781762
249 124.79754021
433 311.83953368
410 703.74196600
372 692.18814661
747 192.48384045
978 576.13321329
39 312.89532151
456 764.40040284
667 387.82805872
50 377.63020722
39 523.25376141
631 255.63936277
84 761.61186560
705 893.96261483
139 388.18887906
188 272.49534593
363 104.61244545
877 257.27930540
565 455.58134709
639 536.36524552
787 760.85592212
498 68.37672048
936 835.91616565
969 200.00982696
288 491.18982513
263 788.36255989
665 287.98126164
700 59.81649220
446 518.81887265
648 929.32197027
405 164.51326029
847 533.48542741
845 244.39680166
534 400.95388653
979 593.63451033
560 805.35886715
783 639.76918851
333 415.64720603
972 66.42469558
987 67.11114841
476 154.96008179
53 416.96508683
634 818.47087008
546 591.01937925
453 253.49647511
443 619.00604266
279 826.74016541
150 378.53233436
575 313.66472365
632 471.61095004
847 79.61790826
318 115.35743278
106 294.79192480
194 439.88433485
95 359.45616016
733 879.78392895
386 551.08917508
734 413.89309366
717 891.85683767
179 134.17572558
566 942.72670675
141 529.90337840
883 87.97476119
350 764.96194342
600 147.05377361
835 303.68794824
705 335.17429121
537 852.63356426
852 804.98910489
473 195.69747002
474 861.50282296
855 62.64937284
781 653.69850764
154 480.01532029
77 895.00756859
624 160.15341655
819 739.49464400
538 728.25608081
829 431.10599078
237 674.09692679
680 387.16922514
531 404.71568957
374 248.15363018
401 456.03415021
644 60.13214515
140 295.74242378
422 552.05270547
194 454.81060213
861 925.45078890
879 267.79747917
177 153.24591815
377 227.86278878
498 578.38377026
73 732.17334513
442 749.93823054
623 187.34806360
953 724.50218207
816 844.83965575
390 702.89129307
96 624.82317576
518 214.99298074
849 350.38419752
17 350.63374737
692 488.69020661
566 580.23715934
895 596.51893674
630 557.43137913
404 295.12945952
716 305.25763726
35 540.11868648
851 247.86068300
83 678.73680837
668 332.12961211
849 902.26221503
643 787.32969146
662 628.58500931
302 261.94787439
255 83.24365978
935 728.38996551
20 503.92788476
684 152.44413587
468 400.02374340
255 949.18311106
593 228.26548051
550 716.84902493
574 429.04489273
382 689.21955016
429 572.00555437
996 429.18305002
151 890.25098422
753 267.21158483
747 911.46983245
466 851.37495041
895 184.04663228
408 296.95483261
403 454.10669271
562 65.30277413
508 666.55284280
362 85.25251015
937 93.86696982
419 611.48573260
28 703.12186041
339 658.05893124
540 541.87041841
79 874.33899960
853 666.47114475
231 331.49516282
768 291.09924619
321 917.08117924
112 707.30310984
970 336.73415326
51 573.62437819
607 744.24558245
247 834.63035981
862 830.84896390
458 744.83382672
302 561.13843196
243 163.52446059
950 791.21726127
205 717.63188574
933 55.08835108
464 520.50758385
34 350.57652516
224 447.07766961
235 871.83053072
810 907.30509354
738 891.32300790
420 200.43183691
84 337.86928922
28 320.17865535
832 540.14908292
254 707.08020264
506 674.16312143
62 176.55784783
729 818.61180456
894 787.30338450
944 234.97570727
64 136.18933683
788 695.72704245
475 515.36042360
388 75.23633534
452 832.52281259
5 52.76323740
49 285.44795068
341 650.72960601
65 626.74999237
689 366.01779229
158 72.93520920
301 213.15219581
65 55.12320322
1 360.84664449
380 934.82345042
316 550.19321268
284 365.31928465
977 804.11474960
117 302.41700491
822 694.29837947
717 450.91058077
901 462.40165410
609 195.66124454
379 644.50343333
244 740.28650777
727 812.18802454
772 538.22159490
205 763.92632832
494 182.47953734
613 620.17752617
483 284.92385632
940 925.50419630
787 132.39948729
962 371.59694205
513 880.77446821
937 234.06778161
785 596.94470046
999 271.81862850
5 632.27994629
393 329.34772790
935 64.95892209
914 222.14880825
720 648.28345592
459 364.00613422
421 887.50273141
15 431.12610248
772 495.03802606
333 889.28742332
474 220.40812403
726 64.17294839
158 353.73479415
860 375.38184759
687 722.58494827
588 130.94482253
502 729.20493179
106 824.09585864
402 117.04809717
798 946.22006897
855 813.01431318
893 358.92281869
669 187.29984436
114 472.99362163
936 595.57063509
530 262.00997955
744 301.94845424
661 728.07196265
28 134.03561510
214 732.32956938
274 478.77306436
381 757.50920133
741 412.80745872
92 671.61479537
214 70.57484664
610 59.15817743
947 558.50560015
730 807.69109165
89 538.43275246
291 645.52397229
253 457.49674978
914 450.50920133
739 900.21585742
666 406.96951201
739 389.01876888
926 314.90942106
104 203.32126835
676 714.54515213
202 864.07943968
874 538.05377361
916 420.89504685
466 364.76793725
597 367.81185339
41 758.30179754
53 767.92904447
132 850.46424757
766 82.44917142
50 129.08175909
247 891.56782739
21 726.50099185
219 224.28025147
518 350.34699545
397 948.16122929
5 636.06112857
513 542.54823450
664 771.61876278
662 477.44648579
538 703.15781121
166 517.76235237
811 420.09112827
337 325.19919431
687 836.91485336
413 756.32532731
205 96.23212378
971 401.04177984
572 544.05313272
152 748.07333598
314 326.78835414
599 823.99890133
992 353.55064547
290 269.90197455
569 193.24497208
863 183.01330607
983 174.04367199
733 561.37574389
102 383.41956847
850 44.41557054
922 354.60933256
260 595.23154393
637 449.19391461
853 532.69066439
53 504.72972808
880 700.38096255
623 228.34156316
274 878.05066073
78 70.52827540
376 425.03997925
426 780.75188452
827 280.51182592
719 49.31485946
293 635.13129063
929 376.19486068
296 242.36411634
301 332.53157140
29 212.87588122
500 754.97125156
343 363.75228126
9 870.69246498
811 459.54295480
329 164.29050569
212 129.58662679
847 497.41123692
255 400.82689901
746 918.72154912
426 98.50306711
181 142.11081271
387 157.81951353
296 148.55925169
105 674.09051790
133 483.50779748
422 415.04730369
608 195.45091098
456 76.10446486
862 239.46647542
508 510.54155095
563 141.12588885
773 469.88601337
975 384.31562243
246 554.41029084
28 666.57301553
922 297.70439772
908 616.22190008
734 311.88155766
309 351.50840785
539 653.24219489
902 794.71358379
902 147.28519547
266 348.47868282
38 349.94210639
205 921.94863735
458 195.94381542
746 926.44215217
139 133.43317972
744 556.82036805
235 520.43989380
498 442.17261269
148 528.85641041
225 243.79583117
510 507.73464156
784 693.09439375
962 48.49467452
565 428.92507706
235 438.82940153
536 544.27594836
526 238.96948149
555 675.71907712
375 62.99728385
226 460.78948332
972 902.71715445
217 717.42173528
874 185.45487838
846 777.65407270
284 513.34690390
854 922.69566942
933 930.79244362
915 622.44672994
738 334.89858699
83 305.28959014
595 912.08026368
625 204.05652028
125 693.60206915
602 543.15295877
97 504.89892270
692 69.49555956
850 164.10794397
750 209.84157842
416 264.51179540
603 160.86025575
801 232.65703299
722 42.55793939
56 390.89934996
313 720.03671377
670 416.15851314
806 236.67036958
320 218.87313456
627 239.24436171
899 277.64494766
790 540.05395672
828 450.98879971
195 503.01052889
52 916.07269509
844 720.09796442
863 382.47660756
172 726.67107150
755 648.69377728
678 628.20084231
766 413.70513016
432 361.79805902
13 694.76104007
179 513.53367718
846 718.56282235
463 467.28116703
717 137.86956389
403 268.28537858
123 857.76985992
577 290.70451979
530 504.31928465
677 68.12051759
64 156.24951933
648 836.21100497
11 572.78481399
672 479.86355174
397 514.22867519
29 712.08584857
272 691.03289895
64 700.74694052
894 237.65544603
612 41.09939879
238 853.78286081
181 940.81026643
612 414.55650502
679 318.48524430
707 171.42790002
434 923.04297006
434 388.30274361
479 870.39655751
399 330.83703116
331 610.36533708
707 558.25162511
967 154.18475906
453 736.95522935
282 236.75084689
96 872.35447249
989 558.40046388
57 205.00006104
594 781.44724876
547 144.18335520
991 875.08777123
669 387.70119327
824 745.46641438
494 739.57225257
960 554.82650227
50 433.17303995
502 324.50212104
969 414.56160161
732 841.66261788
730 933.90383618
557 767.18735313
66 745.68745994
287 820.01638844
623 98.32746361
214 313.25220496
374 593.36826685
397 929.26230659
201 918.05951109
402 551.24158452
523 511.35212256
23 928.92260506
333 910.75856807
53 120.57927183
336 551.56169317
842 702.65126499
824 436.98095645
560 291.73296304
256 795.70458083
812 326.76134526
15 140.52797021
352 303.69884335
741 503.33808405
581 476.45561083
471 450.60914945
727 61.85143590
530 850.04522843
581 478.70873135
74 940.14758751
647 329.31904050
732 505.42448195
444 462.15918455
171 167.82201605
602 273.47831660
405 337.86339915
422 400.85488449
567 709.06360057
273 198.66142766
473 127.56361583
37 844.19568468
524 286.72692038
875 309.67036958
13 892.78713340
112 249.91747795
335 115.65303507
536 492.19116794
876 687.79137547
483 544.46034120
849 479.84447768
14 432.70271920
428 763.42313913
393 175.56590472
443 475.46977142
914 896.97286905
497 827.83901486
247 892.44654683
825 333.41712699
394 657.73683889
609 422.32166509
658 417.37067782
395 124.61568041
882 868.65059359
81 255.66063417
915 177.00784326
298 260.84273812
213 883.11349834
670 149.06616413
353 204.37742241
768 443.23664052
678 653.05383465
718 697.08536027
751 351.74440748
652 676.23303934
647 852.27088229
567 553.48841823
158 884.30625324
245 935.14383374
89 158.42759484
584 731.59492782
742 719.01474044
269 670.09750664
115 820.28727073
640 255.00805689
49 627.37592700
343 580.55955687
264 533.28803369
221 176.22574541
432 492.57267983
932 580.15164647
404 262.04922636
486 340.09765923
433 42.75310526
3232.74625545