1000 2
134 204.66783654
108 697.46369823
117 81.04422132
918 283.48521378
860 91.43269143
713 473.32361827
951 915.37455367
968 284.90981780
203 522.93823054
53 677.59840693
290 718.54658650
59 58.22110660
714 271.88348033
249 728.23218482
500 246.40739158
671 372.91152684
145 699.65303507
42 650.03039644
240 691.63389996
350 547.74651326
587 313.90505692
330 201.90197455
486 876.82222968
143 422.48039186
166 579.87261574
310 638.85311441
108 84.27399518
721 428.74593341
502 269.97122105
329 49.70226142
662 274.32404553
12 703.33625294
878 211.80730613
826 874.98419141
404 941.55253761
462 913.59846797
311 909.18030335
697 510.01223792
370 340.72585223
997 688.15698721
566 238.17300943
880 225.56797998
981 577.80965606
865 61.68614765
200 695.92333750
368 416.18582720
764 879.89791559
364 236.94976653
16 683.17154454
705 921.50291452
900 802.40174566
333 811.82769250
988 652.17679373
727 428.64149907
280 430.34189886
625 341.54698325
52 833.27292703
73 948.99713126
891 61.59871212
430 104.36298715
789 944.32450331
528 906.32648701
789 150.69878231
457 79.03793451
417 80.91552477
166 442.63005463
410 845.34138005
788 638.25922422
962 499.65208899
539 734.57054353
995 509.38132878
167 941.23667104
850 139.55235450
281 905.74068422
108 459.08685568
82 830.88460952
595 48.19626453
901 302.74413282
585 183.57945494
815 781.07184057
977 563.60390027
731 474.60652486
866 201.36152226
158 675.49861141
449 403.72270882
709 722.26926481
233 510.65672781
534 204.76729637
999 637.80999176
812 730.94976653
258 436.64635151
392 69.88845485
960 268.00595111
19 750.26618244
93 81.81356243
799 793.44523453
125 461.69606616
653 599.68990143
952 474.46363720
289 806.26123844
357 892.83172094
161 736.39738151
229 642.36216315
113 945.82403027
824 242.68684957
740 67.61574145
766 90.24222541
762 432.20657979
891 91.53672903
260 162.85518967
320 331.99035615
679 808.92596210
425 270.06646931
776 125.43650624
558 80.42747276
501 254.95886105
257 339.28513443
849 360.76769311
402 147.83565783
704 892.17935728
982 135.89590136
411 756.17361980
195 452.49275185
888 588.25232704
263 642.90115055
120 312.39701529
845 72.10556352
196 840.06762902
799 928.49708548
774 739.56123539
387 900.44004639
490 194.84875027
812 53.77550584
607 897.35364849
388 795.99246193
878 732.15329447
175 498.32551042
505 423.89883114
108 684.04547258
33 671.48554949
829 85.32978301
752 825.28925443
123 514.95281838
741 821.73833430
356 681.24842067
16 565.24384289
987 925.99588000
726 668.18442335
385 252.68453017
848 823.86144597
653 745.65666677
731 830.23505356
57 396.52525407
875 919.93911557
477 563.65050203
453 685.68501846
79 579.95196387
633 251.82363353
951 42.56187628
679 643.66255684
533 419.41312906
894 652.26490066
488 684.42796106
456 263.00341807
492 590.15417951
498 517.23993652
617 350.11307108
109 246.26737266
448 898.39735099
633 802.21658986
281 591.81771294
483 57.11587878
927 495.76601459
268 814.82503739
170 889.56617939
355 547.26999725
451 855.11847285
330 934.24115726
550 311.26194037
140 478.11044649
936 590.02029481
398 355.86422315
334 708.79769280
104 370.78975799
199 597.91167943
41 621.77858821
931 947.03982665
173 515.73235267
963 197.45872372
71 920.86129337
580 681.77858821
503 722.88824122
255 368.84447768
412 597.95290994
581 171.49800104
708 317.89275796
588 616.91079440
976 99.66670736
276 196.64131596
366 608.21243934
643 427.84102908
950 940.41376995
682 772.55900754
767 910.44468520
485 235.56172369
987 252.02850429
156 564.00711081
845 382.44260994
969 593.77224036
991 179.34363842
277 462.94582965
142 947.89996033
962 702.19818720
933 44.38380078
516 714.07535020
139 134.53486740
911 755.06225776
178 348.11764885
810 925.25540941
630 410.25376141
922 822.21231727
573 452.43931394
366 606.63435774
144 215.78618732
739 290.61095004
975 818.07324442
820 74.04791406
886 856.38700522
809 212.31662954
393 140.81017487
552 413.06122013
362 452.05801569
393 332.26007874
619 715.89629810
770 930.76412244
680 297.36530656
712 694.88625752
451 809.28809473
565 79.65385907
848 193.89672536
179 452.07101657
784 157.51847896
365 304.14996796
217 257.13830988
961 659.23642689
913 664.25638600
919 785.25144200
533 588.21976379
711 779.42597736
163 794.72316660
759 801.81673635
362 284.93063143
589 854.65211951
243 124.15598010
275 210.42576373
559 554.57448042
782 436.25910215
571 769.14069033
364 148.01696829
626 166.89272744
907 686.60777612
378 265.24353771
1 190.45597705
468 131.83382672
744 342.92654195
969 736.16049684
535 947.12976470
970 256.63734855
972 854.67213965
228 664.10287790
156 389.15991699
862 665.20093387
748 105.24390393
854 740.63801996
221 383.32877590
494 760.19928587
688 766.39515366
40 674.70375683
965 430.31214331
778 347.92403943
450 900.18573565
355 269.01562548
993 767.31260109
468 563.31266213
611 91.81945250
332 237.58528397
842 818.68675802
308 701.13617359
616 905.20957060
600 349.56895657
921 440.66045106
321 506.81322672
164 106.61723685
520 826.16476943
209 883.72554704
855 320.82021546
111 671.20520646
239 887.77776421
633 613.81234169
166 411.16574602
263 136.85195471
43 200.17102573
255 815.83080538
255 60.89849544
373 123.06881924
464 519.82216865
773 209.67488632
973 70.11645863
330 934.36494034
339 564.20322275
254 153.28339488
154 699.44782861
451 215.90246284
30 700.20368053
488 926.85146641
991 218.47025971
578 714.78728599
543 152.41431928
432 898.78572954
312 162.03930784
742 85.83788568
926 430.49137852
154 718.49790948
111 309.99310282
373 116.17642750
815 67.31965087
951 939.62965789
24 319.20310068
456 703.48609882
61 766.99920652
309 322.95818964
396 363.32627338
108 178.60084841
941 861.75527207
38 709.24784082
603 660.65935240
374 282.86223945
589 830.69454024
57 689.41511277
70 549.35489975
506 410.18179876
649 346.28336436
518 62.22879727
132 869.38575396
221 221.05719169
698 789.95391705
510 760.09460738
292 449.33371990
312 912.81768242
905 469.42735069
708 715.40839869
704 366.69081698
16 148.78704184
595 821.76219977
452 414.62984100
205 77.65715506
820 730.79598376
79 747.28507340
82 139.85195471
641 582.36454360
675 315.80126347
593 80.67635121
414 157.77498703
244 923.00933866
346 247.37449263
964 128.09500412
339 527.94296091
563 552.84759056
337 920.34852138
458 447.12851344
439 738.12445448
234 153.76320688
418 923.40607929
732 521.01248207
883 568.41026032
540 571.61272011
462 118.68214972
522 851.57484664
81 749.17087313
596 775.31290628
658 271.01928770
1 285.46913053
423 400.38334300
464 467.14935759
459 404.26392407
780 122.30042421
669 301.85802789
738 383.77440718
854 383.94726402
486 200.36246834
370 316.95965453
881 687.86312449
844 54.19492172
399 551.20493179
931 828.91637928
977 748.89657277
437 669.20877712
757 927.74944304
877 245.31031220
558 304.04043703
164 381.16473891
941 941.17337565
189 537.84365368
527 163.58851894
714 889.87032685
498 606.27979369
373 302.97350993
681 800.93874935
391 359.02569658
686 736.57246620
985 656.51023896
145 582.57200842
206 748.43232521
119 664.75481429
257 755.77202673
223 841.00100711
415 202.99206519
812 793.87145604
401 119.04419080
205 60.70253609
570 252.90441603
570 565.43082980
682 119.97546312
416 65.16995758
210 486.05697806
726 74.67854854
577 762.68044069
14 453.35816523
146 912.66939299
851 544.67519150
232 455.87759026
793 498.09979553
799 570.02572710
912 708.60841700
382 317.35886715
150 810.44425794
983 543.27497177
799 875.62602618
283 751.16205329
528 847.26529740
308 559.61595508
631 774.01977599
638 408.67760247
997 737.92849513
163 274.84685812
409 458.74312571
269 894.04492325
504 933.37174596
355 292.14383374
656 836.97399823
72 661.73897519
500 136.71883297
500 80.13071078
248 343.35792108
645 529.63286233
980 378.70671712
199 940.95849483
496 257.98748741
370 832.18015076
253 756.89645070
447 631.23816645
721 438.33658864
305 475.80947295
801 274.13595996
351 551.17126988
736 619.86886196
594 855.97509690
984 121.21955016
622 401.67870113
646 155.99002045
479 563.24954985
484 255.58632160
495 737.92376476
571 250.87020478
645 597.48313852
751 856.61201819
318 453.28730125
49 696.54313791
15 536.29093295
499 666.24726096
340 428.56608783
39 308.03198340
917 529.98748741
672 248.48313852
27 339.19986572
981 901.89046907
893 719.39228492
23 403.91842402
887 185.84127323
259 157.15768914
567 929.72127445
138 869.60191656
573 233.33176672
528 610.05786309
287 682.85091708
203 268.48258919
593 342.16397595
720 275.58684042
228 520.56044191
671 414.24207282
999 599.40473647
246 706.68016602
621 70.40168462
136 477.50642415
753 841.49739067
409 89.51896725
415 887.85683767
501 254.67275002
998 471.02584918
812 939.54457228
972 807.90929899
304 945.46980193
707 745.20816675
297 209.25788141
888 254.07736442
335 749.17642750
952 772.61845759
17 322.84954375
762 787.03579821
742 367.96734519
53 923.86516923
389 923.16257210
721 879.72118290
605 234.84255501
515 717.92510758
419 135.19132054
29 246.73653371
118 404.98437452
896 748.34836879
49 354.97808771
370 770.53166295
472 290.55409406
67 612.26023133
146 198.08548235
510 137.06570635
866 761.56538591
416 760.17651906
840 285.86495560
540 474.95846431
82 699.82775353
171 389.68449965
189 70.93636891
550 522.19669179
657 328.62028871
672 776.84438612
723 888.07339702
50 636.51429792
326 294.79406110
92 68.23603015
497 935.07943968
152 697.36906034
804 433.51988281
676 520.38969085
463 211.27454451
47 754.41380047
769 381.69454024
937 854.44566179
999 235.81282998
716 410.55543687
352 677.47389142
314 923.38602863
405 62.54863124
844 533.19541002
311 559.48045289
289 145.11651967
722 728.98764000
546 547.02362133
337 324.24805445
522 273.44325083
887 510.07742546
347 323.19074068
815 177.52351451
170 606.71791742
224 99.54741050
245 82.69341105
716 89.09067049
597 175.25446333
473 362.48655660
674 548.32026124
9 755.92419202
583 816.05450606
164 267.85021516
145 900.87200537
103 746.91174047
270 269.92367321
211 772.43711661
373 103.39637440
903 59.64137700
939 66.58757286
966 247.96456801
947 222.26099429
257 161.08764916
532 771.15234840
331 561.36100345
655 797.00820948
347 252.96630757
582 742.51689199
69 318.15555284
163 832.67433699
938 728.01879940
636 598.34882656
401 156.62153996
542 663.95175024
987 935.71745964
22 344.33188879
761 108.18164617
785 720.35102390
886 357.35166478
342 813.88546403
675 226.60377819
337 729.11310160
390 878.73229163
792 447.44608905
961 842.97836238
597 678.86202582
864 306.93624683
132 94.54799036
373 648.96423231
397 901.18524735
476 901.26984466
491 492.87020478
275 214.03161718
196 860.14603107
868 526.99914548
374 936.45759453
414 750.39088107
717 59.16357921
211 440.70778527
117 838.67250587
364 186.42567217
150 815.93444624
934 499.54823450
360 946.04638813
975 137.81612598
364 766.73830378
766 919.10379345
339 93.62620930
111 578.31989502
401 812.97283853
405 255.08081301
902 221.90813929
349 145.68022706
107 697.26023133
375 685.54994354
85 469.95333720
289 717.62974944
206 500.97033601
155 105.95461898
93 538.77883236
790 367.68514054
922 903.98825037
949 331.65709403
448 57.71834468
59 894.88387707
833 685.14212470
72 198.31479843
959 717.04861599
641 236.85885189
986 94.24298837
95 235.60203864
40 467.56694235
118 578.56056398
854 571.45994446
593 49.87661367
855 336.30118717
912 926.60454115
11 70.65559862
779 641.30881680
308 930.69475387
852 324.40037233
297 447.02764977
53 306.13956114
67 652.12164678
953 214.65837580
680 553.05258339
190 690.32465590
576 398.11255226
262 185.41389203
534 874.45481735
525 902.49378948
544 336.09051790
55 652.28785058
160 512.79488510
554 399.19254128
353 894.46021912
889 104.20258187
171 131.77056185
316 257.87640004
20 864.39442122
108 362.27127903
954 111.82488479
700 943.62550737
137 83.16147343
705 43.08001953
449 44.15396588
234 292.04879910
898 295.88366344
668 142.19360942
256 476.09366131
353 98.07452620
513 249.33585620
416 782.16318247
493 548.62712485
740 413.52830592
707 602.89672536
360 796.61763359
130 203.92806787
740 741.85494552
510 523.71965697
940 762.12637715
412 698.91225929
387 74.95889157
924 357.89074374
98 477.19281594
243 665.11749626
634 914.37739189
506 859.81008332
394 682.08594012
389 539.86727500
944 359.99218726
1000 211.59828486
857 740.98702963
685 947.94375439
632 45.97772149
178 931.12228767
137 946.41883602
789 139.61455123
528 74.20429090
574 933.73400067
321 807.42753380
769 361.35697501
623 177.81511887
663 654.31553087
2 428.48460341
789 255.12268441
78 781.19586779
896 674.72505875
451 262.57863094
369 934.48780786
19 573.05569628
740 702.23627430
509 114.46513260
891 662.53089999
787 320.83819086
548 114.06656087
697 320.54356517
374 234.78383740
550 568.18115787
34 894.58601642
529 651.32959990
537 698.09805597
480 624.64424574
125 769.30222480
229 476.99230934
74 127.77132481
149 527.42234565
389 318.21430097
695 408.92419202
651 174.77712333
852 385.26480911
769 276.62956633
409 859.81353191
108 185.44209113
8 455.31778924
798 137.03683584
558 711.18704794
915 917.41410566
739 185.10965300
419 796.13049715
750 386.89230018
817 402.26505325
428 179.39744255
434 500.57823420
582 268.48808252
734 220.57249672
3 934.09350871
464 158.62688070
439 686.01208533
376 432.82311472
459 442.99108860
463 610.14004944
334 910.68337046
194 147.46613971
620 945.31406598
271 765.19058809
914 211.65199744
445 212.76308481
312 652.47791986
462 77.65416425
812 305.35969115
150 490.31183813
694 480.24933622
884 70.75057222
562 318.54216132
298 439.05197302
645 582.95248268
384 910.48115482
127 172.62141789
729 553.69341105
888 855.38068789
778 636.59288308
768 338.25016022
187 326.66048158
767 167.52476577
934 647.22431104
953 83.99038667
988 186.42081973
744 170.44245735
712 525.81987976
872 721.86059145
753 49.49058504
415 364.65620899
478 648.77547533
642 139.00628681
770 456.85714286
217 799.26075014
963 388.66393017
183 530.91515854
164 803.33588672
471 206.63905759
263 528.04699850
507 851.41746269
821 632.16489151
908 588.22138127
896 308.86779382
866 891.96243171
84 534.89477218
800 309.88030641
140 288.10544145
374 554.89706107
483 922.85006256
789 946.29963073
742 482.24866482
798 185.79659413
872 672.25550096
719 229.79378643
281 256.23969237
39 830.15301981
912 921.05471969
196 920.70644246
446 631.42143010
933 420.96606342
530 399.86687826
223 924.79949339
241 840.94439528
897 392.55482650
172 173.84746849
12 121.46891690
664 498.21881771
234 722.38389233
452 920.93914609
402 709.36130863
822 905.26581622
390 181.32898953
475 770.01470992
464 147.82692953
35 526.77291177
975 848.09482101
589 278.01834162
148 74.74568926
137 271.16959136
411 219.03500473
237 545.75112156
825 407.47743156
349 773.54142888
732 279.65169225
188 560.20526749
24 715.89944151
375 601.65593432
230 597.52882473
333 584.87228004
674 271.21552171
432 243.73226112
132 604.67015595
852 917.24796289
25 143.43974120
184 604.01791437
444 944.05752739
749 314.37897885
12 367.77178259
302 251.26566362
657 92.89898373
695 573.79363384
315 384.58449049
256 537.70451979
344 916.53462325
81 578.66148869
895 835.24103519
789 478.59877316
37 608.46986297
285 232.52519303
718 845.46092105
529 148.98855556
711 85.50431837
300 339.44834742
741 145.45371868
56 90.70583209
338 432.42475661
642 351.92309336
983 224.53907895
630 712.25959044
324 315.23181860
147 903.38102359
102 103.47175512
133 211.68382824
578 884.36826685
36 293.65187536
160 830.19052705
431 679.94213691
20 83.91802728
246 368.21274453
164 549.04028443
207 836.49882504
25 446.82601398
750 830.97418134
461 345.40650655
222 374.71837519
779 833.06634724
809 274.66975921
86 66.16360973
479 354.48301645
162 49.27976318
857 262.29602954
993 391.81203650
285 516.71666616
976 905.36893826
52 388.86812952
693 788.81460005
636 169.85436567
140 577.05343791
273 637.00189215
790 518.78350169
680 281.99813837
176 366.27936644
951 833.94845424
614 515.74300363
310 187.08261361
651 643.01608325
81 432.36918241
875 311.68147832
592 592.92278817
493 463.41599780
188 879.04022340
612 337.92736595
869 278.07174902
885 238.07083346
115 828.47148045
606 192.46116520
953 233.62657552
484 473.67702261
514 93.60625019
394 894.05063021
131 851.90725425
465 549.19818720
176 381.32627338
386 706.67601550
162 591.05053865
420 81.47129734
603 609.69515061
647 221.89931944
976 920.79958495
620 157.68160039
877 906.53288369
446 545.86602374
445 475.01312296
135 245.87646107
645 874.71959593
370 604.02874844
254 59.15741447
193 363.44563128
881 529.85110019
694 426.56993316
928 892.51734977
923 98.54112369
980 535.52937407
425 202.68575091
439 848.15192114
98 91.40513321
260 510.13144322
234 938.95046846
920 621.68770409
55 796.07501450
334 207.40064699
236 47.47932371
13 795.54365673
85 793.43403424
732 609.70372631
387 194.10904263
561 409.68160039
513 468.07626576
671 67.29776910
368 292.73284097
587 61.66508988
300 211.48323008
776 948.21823786
679 230.86602374
42 273.61284219
297 658.68333995
900 930.30524613
799 362.18704794
3742.82419843