1000 2
247 212.55647450
668 854.92770165
114 710.01712088
182 144.51493881
941 115.34321116
960 58.63112278
908 247.12384411
288 516.93475143
982 122.76799829
60 165.46864223
340 210.79308451
881 42.72621845
420 297.73162023
541 326.51127659
494 179.94381542
342 946.04419080
350 107.38529618
248 662.25196081
376 417.24777978
504 172.71379742
927 210.16071047
377 537.39033174
732 497.87548448
432 303.16895047
844 236.95211646
756 384.60527360
33 459.80816065
834 867.72597430
735 52.54591510
752 805.28000732
16 396.58211005
891 344.94561602
753 185.47187719
848 83.00466933
768 274.70268868
281 830.80593280
991 738.03936888
196 420.55812250
900 713.04370251
650 510.88836329
284 57.29108554
558 710.28843043
327 234.19275491
441 277.18509476
117 551.82558672
647 148.02697836
94 149.39967040
766 848.61183508
131 130.58284249
651 896.00439467
86 69.47236549
634 895.94405957
57 439.18640706
192 572.73705252
543 432.46385083
778 755.57460250
670 452.27155370
569 52.41099277
181 599.71584216
380 863.18802454
441 350.86291086
706 656.81481368
982 173.09973449
532 335.34714805
892 81.71437727
935 805.66582232
810 374.12604144
594 410.81020539
212 362.99633778
970 759.50047304
976 444.10727256
315 94.16287729
571 790.74703207
66 893.72832423
509 744.55528428
43 266.72664571
287 180.97933897
118 799.87301248
670 123.29682302
113 621.56221198
60 872.20361950
548 427.58119449
463 248.86458937
233 905.03796503
620 468.71031831
46 681.11731315
188 924.75722526
737 546.93142491
661 763.45600757
125 576.56379894
440 101.66258736
414 703.53236488
507 569.89687796
881 204.44486831
915 121.23712882
920 878.71736808
110 865.61299478
343 60.99307230
729 743.53614917
163 264.46293527
631 314.06750694
532 129.77709281
527 329.68794824
944 326.76754051
870 134.34443190
370 328.90966521
104 586.90575884
427 153.45014801
663 634.20841090
704 474.55421613
113 528.43174535
127 189.79473251
734 224.33072909
527 793.94918668
497 724.50590533
759 117.50910978
112 262.02505570
98 312.66869106
165 217.95443587
174 312.96694845
843 825.33671072
302 276.33811457
378 927.49070711
410 290.20187994
343 254.82909635
851 415.52378918
283 90.32340464
861 266.62218085
487 158.91116062
682 920.01498459
84 220.16428114
901 535.91494491
322 804.04980621
536 334.21735282
503 595.23081149
572 185.10840175
846 875.71074557
442 300.87649159
935 122.33625294
306 298.26139103
54 228.37125767
882 246.85018464
355 836.66142766
873 180.74825282
914 229.44953764
281 618.14844203
212 582.30216376
410 332.57560961
171 359.86846522
448 732.81395917
79 577.81951353
441 256.66188543
499 536.69508957
906 243.89782403
715 479.85692923
905 543.69740898
27 786.06146428
579 387.87536241
733 470.30597858
395 477.80971709
367 721.10016175
846 477.09753716
918 345.07501450
69 80.57222205
701 937.17874691
720 842.18857387
45 446.03186132
518 311.58131657
32 632.94494461
67 825.94808802
787 271.26883755
848 814.42573321
307 921.77245399
237 531.44279305
985 694.25266274
935 763.76781518
137 523.20075076
730 201.25638600
149 576.70256661
144 870.75423444
523 51.46275216
64 810.13705863
728 590.62327952
596 775.39841914
747 580.17319254
204 651.74373608
907 455.58183538
795 680.91793573
169 769.32206183
348 902.58934294
121 388.75591296
490 789.79821162
763 270.38221381
642 908.91094699
35 170.00070193
471 914.75972777
392 406.58909879
603 500.58372753
928 501.95602283
479 376.60295419
390 221.65114292
987 815.37269204
937 648.40736106
941 355.73851741
553 598.19702750
16 873.43455306
288 616.02456740
801 565.25858333
47 932.47947630
350 691.44850002
888 155.45674001
684 110.49430830
809 60.07293924
178 362.48359630
8 846.40885647
119 701.54338206
644 529.75435652
209 179.09228797
22 652.86721397
680 709.20526749
435 916.70348216
796 565.79586169
721 712.92437513
957 553.91732536
635 145.07635731
460 143.35529649
938 562.25705741
122 671.83016449
894 78.90066225
101 101.92764061
961 80.74999237
691 151.22107608
564 633.74678793
301 635.06665242
509 129.09778130
716 268.36692404
394 164.78423414
331 780.33515427
301 610.90105899
162 452.07510605
295 489.06585894
778 949.74709311
478 164.35038301
890 851.34183782
252 442.38483840
903 534.75887326
924 569.09179968
298 615.10574664
500 550.54741050
503 781.02774133
822 947.36802271
301 840.56633198
841 371.40556047
909 554.65712455
844 131.02829066
538 359.03518784
992 601.49299600
363 650.00869778
437 729.98394726
873 567.77101962
945 475.40873440
62 779.99703970
693 481.23050630
371 186.46378979
260 448.20233772
623 195.77492599
818 792.16992706
585 550.16599017
382 798.21588794
886 874.15970336
350 846.69927061
828 576.38441115
595 301.29343547
203 807.00036622
169 368.50254830
751 781.59212012
986 433.72896512
231 148.56279183
521 90.77846614
367 384.17419965
122 857.53608814
469 885.94378491
635 149.84752953
38 344.70567949
336 463.55748161
808 542.91143529
37 437.43082980
118 934.80904569
350 206.94277779
461 561.12662130
603 272.29328288
803 794.91955321
77 386.10483108
453 867.44462416
186 815.72426527
918 445.42790002
977 235.49867244
979 526.01550340
570 379.45008698
43 547.16818751
747 265.06595050
587 559.40235603
544 613.07199316
598 330.72069460
244 176.68962676
788 578.43549913
116 512.62309641
994 292.49754326
719 840.50166326
607 233.02194281
223 386.33814508
690 191.08056887
823 663.38868374
664 881.62877285
753 864.23029267
964 418.77983947
75 664.53782769
301 813.65886410
873 565.56797998
155 835.36231574
61 622.11416974
360 273.99423200
714 146.59117405
134 229.49650563
597 104.38685263
83 728.44605853
258 222.45072787
823 611.24527726
277 53.77968688
186 398.40870388
417 904.30771813
361 386.55732902
561 371.53578295
656 531.65413373
43 858.73500778
325 339.22028260
454 91.02038636
431 541.77291177
519 116.03878903
869 104.64870144
862 685.07104709
515 830.84990997
702 219.64107181
909 556.68953520
468 900.87264626
751 170.95440535
256 539.32090213
377 752.46671957
201 468.78444777
544 345.31949828
568 596.15491195
489 339.50157170
663 620.23078097
509 610.17368084
206 811.03659169
884 113.33491012
162 538.73744926
520 382.41535691
864 433.15530869
487 235.66161077
47 335.71031831
242 758.33289590
219 118.56373791
186 359.92379528
95 779.39185766
231 723.06817835
548 82.35529649
271 104.14127018
310 847.07159642
242 53.98370312
82 408.37852107
589 634.75255593
184 488.01232948
162 708.78148747
747 901.64845729
835 474.62907804
18 644.82079531
239 495.60087893
805 649.98461867
576 512.79757073
640 181.11304056
868 544.88201544
966 237.34986419
400 478.33561205
670 687.82628864
752 639.27625355
201 946.20157476
363 914.30252998
301 351.68956572
865 628.53877377
492 740.79470199
353 829.44413587
982 115.09570605
844 532.82705161
749 616.97714164
511 562.34839930
139 620.86065249
138 557.54426710
397 176.32679220
248 698.02871792
215 690.44502091
740 779.53913999
956 725.71816156
333 95.11059908
561 404.11957152
906 402.71730705
871 890.38300729
33 876.31192969
663 623.62077700
320 557.46433912
163 515.12189093
94 831.86284982
4 352.44120609
509 50.92959380
716 764.25946837
639 102.83358257
797 754.59852901
703 272.39042329
775 730.43787957
5 901.83974731
58 187.22666097
851 828.41520432
510 710.84176153
990 606.09256264
130 451.83303323
621 244.04373302
28 278.94851527
299 163.26441237
15 151.56532487
443 46.70430616
593 702.39790033
969 198.13678396
379 79.33228553
191 722.08539079
207 301.07443464
787 921.50077822
730 773.12128056
533 833.68169195
541 476.99639882
486 186.27793207
194 521.35700552
418 106.23221534
675 451.10519730
429 122.33075961
55 163.64522233
110 621.77028718
423 448.54908902
94 900.93130284
595 97.74459059
387 800.50297555
519 260.55446028
389 199.35673086
53 106.11108737
926 91.23987548
927 163.47914060
792 212.58067568
273 813.85842463
421 401.58931242
228 269.14065981
116 899.52885525
1000 602.47785882
922 388.64067507
273 761.01409955
62 626.86816004
376 691.16214484
8 69.35206153
378 691.39243751
500 247.79741813
254 833.07611316
748 795.36176641
374 176.10379345
92 728.80907620
842 576.41883602
910 591.44212165
657 726.87902463
381 796.89016388
843 860.28690451
522 255.12247078
413 555.74892422
598 774.91500595
142 621.76226081
711 295.45030061
654 424.25531785
637 134.01339763
342 639.49748222
619 332.50706503
711 610.33643605
614 440.71642201
933 256.80974761
258 430.44605853
77 560.03991821
275 345.21213416
792 333.23966185
709 623.31434065
12 791.71263771
814 561.58104190
491 346.38969085
47 439.48094119
420 90.20389416
406 643.40635395
580 194.39304788
967 875.26310007
409 115.16223640
350 386.86931974
194 389.42161321
165 742.36173589
283 69.68474380
721 397.45863216
488 105.76128422
651 586.55211035
66 936.63744011
29 784.70952483
830 796.66454054
376 799.57039094
738 84.65514084
461 570.20645772
830 509.32404553
222 333.38874477
381 656.33399457
443 263.50422681
639 789.63646352
489 603.71150853
866 498.46549883
28 410.94097720
593 408.86696982
638 441.16040529
222 225.65489669
914 566.06308176
442 379.80779443
450 929.11835078
521 622.16815699
927 612.88006226
743 124.52476577
777 339.69997253
532 540.35145116
622 831.66768395
542 197.28531755
361 356.81777398
17 169.46635334
70 707.53962828
355 618.76204718
581 411.81307413
26 283.28495132
338 481.50480667
337 138.10519730
446 652.61201819
455 377.80410169
529 766.07654042
63 202.33457442
488 622.57164220
653 463.48307749
385 237.00787378
943 169.89190344
900 596.01925718
364 62.01977599
137 519.09738456
96 549.73686941
831 707.57698294
596 663.34104434
620 42.99423200
521 553.33573412
577 705.34983367
958 357.59514145
519 776.08691671
724 167.83294168
471 197.34879604
624 136.45582446
463 739.89117100
422 338.09399701
451 198.43659780
156 246.78664510
902 610.30771813
79 622.48261971
289 393.77162999
741 362.43238624
934 241.79540391
747 144.82183294
289 927.97747734
710 632.25977355
783 480.40488907
238 415.09927671
927 889.22116764
7 814.67607654
680 315.89312418
733 897.01095614
797 277.66808069
668 418.97048860
77 506.63603626
242 720.93572802
287 584.28238777
792 553.32123783
689 359.55919065
407 428.43598743
288 771.44245735
505 537.81273843
723 247.80468154
550 946.87713248
811 762.33903012
20 247.30570391
990 316.35303812
40 766.25980407
452 385.62544633
612 929.50532548
364 431.31904050
588 377.85915708
233 583.28870510
510 703.06973479
155 280.14001892
170 248.76406140
19 908.20987579
409 178.10364086
803 474.37559130
624 530.91085543
586 767.38270211
180 777.88045900
798 202.33729057
948 398.84554582
492 87.87408063
469 224.96618549
764 486.62987152
956 699.85799738
250 559.81923887
591 640.19049654
340 267.07144383
576 713.33878597
231 225.57087924
29 469.85750908
814 834.68395032
389 551.05340739
638 930.89443648
393 412.08215583
326 166.80733665
133 786.28537858
186 275.26847133
829 463.42295602
220 910.46708579
907 708.98455763
1 608.44343394
72 560.69014557
29 880.83458968
276 626.59718619
625 409.31971191
554 727.56965850
204 796.13516648
268 849.52583392
110 568.16971343
870 648.95324564
594 91.86693930
48 218.90426344
623 374.76241340
138 908.21924497
833 121.89617603
328 421.17523728
318 288.92733543
437 642.83608509
787 835.61540574
606 774.32398450
707 583.15738395
869 370.42951750
769 715.88799707
254 638.19486068
334 888.75798822
797 264.46543779
193 796.67934202
422 152.14007996
471 550.47572253
794 67.41657765
439 353.67958617
931 688.77642140
743 66.34037294
285 828.50901822
302 910.47950682
216 66.86758019
4 910.97039705
651 827.09762871
688 546.56047243
660 434.21613208
469 151.61482589
387 264.16061892
754 865.06775109
555 629.40903958
259 257.15012055
935 650.00671407
727 905.83590197
519 705.76027711
313 200.75121311
718 250.78951384
660 421.63463240
223 716.29468673
509 494.45448164
504 374.67781610
416 48.55223243
818 278.26490066
903 456.72353282
221 486.87554552
447 92.27918332
211 508.89342936
377 500.83922849
182 668.50840785
603 233.34842982
361 414.22748497
766 523.32999664
77 457.66109195
636 797.67430647
384 429.68977935
760 792.37290567
56 443.22055727
576 493.81078524
828 253.20383312
754 828.73314615
614 589.03003021
146 796.92696921
991 482.48191778
871 432.12707907
936 904.70845668
704 131.80031739
972 461.83764153
346 935.40015870
661 925.47996460
128 478.54579302
485 487.11801508
567 676.48747215
321 443.85708182
899 156.30042421
170 320.84844508
514 572.62660604
256 364.52067629
998 688.58159124
658 221.18408765
183 167.79116184
135 793.24149297
556 52.53776666
974 723.76201666
754 378.81356243
922 101.18601032
904 208.81084628
59 837.04705954
769 488.16629536
620 111.45112461
74 773.22827845
160 715.26593829
607 383.86999115
348 218.17072054
56 236.53401288
129 160.64720603
290 81.02133244
272 845.62907804
80 939.48036134
224 520.72090823
257 210.77913755
395 132.73491623
373 449.92269662
527 507.70500809
830 780.60734886
117 281.26651814
688 598.57814264
653 568.44865261
844 912.31727042
315 428.87127293
796 207.53114414
627 689.97271645
212 791.76491592
668 230.64003418
149 454.38157292
205 344.09012116
980 219.22275460
842 224.68980987
222 289.64513077
430 44.22382275
467 832.42567217
891 940.55247658
252 881.37418744
99 599.26535844
572 398.50926237
689 771.46443068
146 165.46842860
850 771.41755425
334 905.96404920
918 831.74117252
77 288.83257546
991 652.09738456
521 673.18659017
274 154.47703482
726 699.48298593
668 700.59038057
497 762.84426405
377 704.03015229
851 697.66087832
745 397.57899716
419 336.58397168
62 255.52540666
609 274.32636494
988 682.69188513
547 532.33460494
809 651.12839137
643 910.66084780
799 136.72881252
754 804.22440260
94 562.21408734
968 120.53154088
262 668.08496353
624 887.72527238
927 623.49229408
540 415.07818842
950 199.24890896
142 117.12018189
982 886.04644917
163 146.96957305
897 935.76042970
9 196.23657949
794 931.16028321
57 161.21192053
13 746.00689718
885 504.07211524
833 479.04443495
690 569.64702292
663 285.40440077
723 613.03180029
707 420.05789361
635 727.10815760
833 454.80703146
260 745.99545274
142 632.51670888
337 300.70339061
129 776.48890652
862 128.93346965
93 651.68456069
321 596.19409772
595 309.54194769
167 676.29081088
542 610.03900266
103 752.93847468
585 778.03338725
184 172.85689871
803 773.40641499
196 418.36768700
904 170.76711325
764 510.34052553
40 51.05993835
218 552.46458327
454 758.99163793
89 435.36902982
742 786.37443159
442 188.21256142
755 375.89989929
566 221.12949004
335 261.13119907
248 373.48414563
877 759.26316111
847 250.67809076
209 427.02102725
72 240.96746727
437 607.27311014
487 841.13245033
4 882.10675375
287 289.92944121
823 629.51768548
851 855.72347179
961 120.14697714
313 137.50642415
572 561.83101901
143 240.20636616
751 668.52464370
429 915.07022309
639 773.11825922
805 135.25263222
277 349.07815790
429 319.49919126
323 569.63139744
282 747.17783135
37 204.39326151
741 660.56703391
190 787.14709922
684 530.51548814
829 522.94723350
93 432.08868679
837 890.16385388
320 448.74242378
710 714.73815119
100 175.83840449
450 756.04104740
711 936.25104526
163 424.47334208
847 277.32947783
943 62.06006043
354 764.55903806
191 559.74797815
276 742.15359966
689 698.76912748
396 875.34800256
64 725.68675802
814 944.74413282
370 434.33375042
724 205.27213355
132 770.73940245
586 439.43934446
736 563.13370159
701 713.69737846
484 915.84801782
94 732.08886990
747 310.01702933
456 130.96114994
490 813.06158635
317 703.58375805
751 148.61107212
377 396.10254219
584 610.44187750
811 503.52928251
474 618.78368480
351 656.53242592
492 369.60347301
28 283.77889340
585 142.84881130
792 253.61113315
682 821.73302408
666 907.04843287
528 803.60975982
501 481.60356456
633 936.43024995
880 686.32914212
137 345.83413190
194 634.97988830
250 480.21521653
88 90.74675741
332 147.76430555
383 557.56813257
485 116.62977996
170 417.63573107
501 391.36820582
666 242.05334635
467 735.59172338
758 769.82772301
942 117.17728202
345 142.86901456
72 182.53953673
51 658.93456832
503 732.03167821
511 736.06311228
930 341.94058046
139 590.20581683
761 166.26770837
485 838.08954131
874 300.57817316
552 817.97570727
741 219.27011933
357 740.02563555
819 150.30014954
349 159.58095035
662 250.31519517
89 481.93246254
261 699.91753899
51 203.21826838
641 565.04858547
736 569.07626576
858 781.84749901
493 127.70970794
35 575.44187750
873 891.23035371
992 650.59422590
149 166.64510025
26 327.57106235
944 840.77532273
792 552.66148869
25 382.87029633
624 927.06140324
601 260.81713309
973 342.99029511
825 700.87121189
117 453.59572130
667 801.33866390
187 615.27497177
857 881.67409284
141 101.38312937
835 393.37766655
490 680.97726371
585 836.38193915
539 305.57387005
876 308.19061861
397 212.30582598
406 227.07522813
248 351.12265389
286 633.05600146
907 568.64809107
430 332.36582537
338 607.09811701
586 735.73735771
378 217.31507309
897 155.29331339
102 792.10565508
930 909.18158513
415 126.31730094
414 60.50456252
233 581.06430250
419 79.67213965
713 344.85335856
141 888.18530839
76 668.68080691
254 119.15582751
577 421.10513627
662 443.71236305
3062.67367504