1000 2
640 402.75576037
633 613.15839106
208 522.14362011
766 457.17600024
222 869.47074801
236 774.63808100
388 402.81328776
365 356.66127506
477 863.29471725
733 715.16043580
105 767.89529099
86 362.51786859
823 102.34864345
300 287.10757775
308 391.05377361
639 569.88222907
888 940.64229255
778 830.98190252
577 51.53880428
736 109.49913022
718 811.15857418
824 9.25363933
639 706.92800684
861 139.82415235
156 7.71321757
992 189.27304910
69 182.12781152
347 292.11230811
943 199.18372143
283 795.21539964
739 638.47862178
127 64.71205786
815 721.20111698
738 853.52818384
771 247.30649739
285 505.28272347
473 453.89834284
385 145.84899442
121 637.76665548
687 140.15494247
683 842.80907620
241 167.86272774
368 791.32108524
669 421.55201880
329 897.51063570
166 780.06723228
814 906.69533372
997 843.89175085
967 14.10492264
417 397.91567736
242 613.65681936
682 28.88671529
624 921.13080233
775 418.30463576
204 324.45970031
90 922.66249580
557 695.00198370
17 343.87694937
949 133.29938658
11 309.61189611
321 351.56404309
526 928.10715049
817 812.62050233
750 259.20441298
252 841.86431471
654 319.63966796
81 698.62199774
744 242.46971038
14 78.72841578
880 101.84694967
348 225.80364391
381 16.37308878
782 645.23718986
439 545.07757805
464 878.89681692
605 26.80306406
643 187.69783624
456 491.56239509
341 153.02420118
292 874.38837855
226 70.20273446
127 111.44743187
146 722.43168432
52 552.86419263
623 722.37015900
131 797.92287973
12 352.63594470
70 883.20566424
688 505.36020997
184 195.91613514
859 50.33213294
162 94.24811548
528 403.76000244
548 78.31846065
814 496.90514847
827 481.01190222
914 495.43159276
492 762.21323283
121 390.88775292
79 544.45146031
942 829.91677602
872 676.07507553
85 907.21011994
613 488.84673605
919 867.49198889
164 144.40836818
897 148.58403272
704 457.55589465
101 76.46766564
721 189.79403058
479 151.86538285
772 557.34842982
799 554.82515946
820 371.81328776
193 433.73924986
871 883.03671377
101 846.78557695
189 159.81701102
269 132.57072665
937 646.62529374
253 434.40385144
587 710.00955229
605 314.76586200
79 451.69655446
267 357.78209784
894 158.81594287
59 508.48561052
884 522.25144200
878 701.99554430
733 749.00067141
877 915.05755791
634 856.72389904
88 530.32551042
962 375.50773644
428 122.92831202
185 862.38807337
357 508.89254433
163 682.48951689
403 757.50074770
717 624.87667470
471 375.28370006
962 64.49427778
365 521.70003357
709 49.02948088
176 724.26779992
775 735.28055666
375 934.61137730
801 720.79082614
873 581.19220557
388 766.22708823
423 872.03433332
315 609.37424848
75 834.15512558
314 591.80739769
84 102.29660939
682 792.41401410
979 768.54707480
323 599.09732353
960 683.17126988
707 902.32120731
578 871.05487228
153 856.78493606
491 705.24158452
929 648.56410413
556 883.72292245
733 439.65056307
17 462.55650502
79 238.09063997
712 794.16415906
473 245.98684652
877 772.92110965
732 895.61278115
98 484.51585437
162 691.92660298
143 347.66560869
935 702.97036653
501 629.23258156
337 443.14780114
219 291.23636586
147 723.29419843
28 239.31150243
689 5.92437513
772 889.45329142
620 937.18668172
329 469.04251228
590 124.99099704
192 660.77669607
299 526.63850826
71 834.87792596
277 253.19171728
237 790.42768639
639 486.90069277
565 272.51466414
198 874.38016907
268 285.70616779
821 352.03039644
419 810.78356273
753 580.54039125
267 214.34937590
377 354.32926420
489 873.43848994
969 357.59733879
913 846.27552110
317 699.39295633
525 363.44022950
754 149.88564714
573 579.55580309
2 810.99111911
501 623.82772301
449 290.74489578
343 77.95870846
157 614.49586474
157 688.77117222
196 863.21124912
922 810.91036714
757 168.07794427
314 308.90075381
471 185.27298807
449 595.21460616
666 523.38929411
991 309.50392163
409 710.65941343
385 96.37665944
744 770.95056001
279 362.68620869
311 217.63188574
440 397.87392804
876 879.96246223
252 729.08819849
968 413.74532304
212 480.21781060
110 320.75988037
775 701.25333415
889 776.04931791
261 847.15066988
608 897.62703330
264 497.23920408
385 702.69734794
190 700.82058168
790 799.19306009
560 917.56752220
120 241.43290506
361 654.27906125
416 140.12598041
820 474.10513627
300 530.92159795
258 285.14447462
724 871.34467605
443 692.97073275
612 369.39732047
839 600.77520066
391 697.46696371
619 921.06051820
361 145.59193701
982 198.79631947
413 670.71272927
513 542.28696554
298 354.41676077
702 533.32367931
535 801.98107852
367 674.12399670
376 871.36475723
122 882.72899564
870 948.31971191
314 525.55278176
769 450.10226753
602 389.28946806
453 943.50624104
868 41.00137333
152 702.21887875
611 610.56614887
668 886.95880001
110 598.37269204
725 412.60414441
514 175.85451827
218 12.69606616
81 145.75359355
538 834.42030091
244 816.55101169
706 178.56480605
22 841.89971618
198 405.13910337
273 132.77950377
258 509.45329142
876 191.08951079
453 419.61210974
146 745.12091433
528 741.71044038
642 67.44077883
104 48.64278085
911 369.79058199
111 584.48829615
581 729.28418836
889 890.02929777
350 519.10626545
809 448.22733238
203 914.68718528
514 361.54701376
312 221.59108249
37 785.00292978
87 609.72170171
135 772.83870968
693 186.55494858
794 119.95208594
776 476.57014679
937 560.68224128
274 335.49821467
196 938.49885556
973 309.06289865
197 174.60365612
888 538.18143254
216 695.59736930
707 762.74120304
316 146.30475784
592 280.70479446
155 876.71129490
881 475.03885006
989 447.87398907
310 866.44108402
992 406.74813074
234 851.67763298
664 543.24912259
852 274.16595965
626 255.66759239
909 127.86840419
868 230.90084536
327 346.22925504
30 596.98248238
657 366.41312906
92 193.20551164
694 793.11093478
22 383.87081515
484 58.30118717
93 17.47645497
905 179.20566424
586 638.11801508
996 269.89303262
564 590.12198248
736 150.17966247
927 816.60826441
567 699.28586688
14 181.89913633
974 853.74349193
788 541.58284249
736 303.95483261
351 529.73192541
29 883.18460646
683 802.38526566
562 392.26285592
719 462.06283761
450 592.50361644
269 273.91146580
674 398.93386639
355 380.20627461
235 788.49745170
674 788.48347423
175 62.08233894
425 296.08261361
772 350.07589953
999 27.98770104
278 821.36982330
509 833.01208533
990 242.91882076
128 263.59859004
934 72.55894650
107 935.01153600
442 933.36506241
380 670.14490188
752 742.03082369
418 331.08081301
808 177.31611072
823 118.57023835
50 491.20270394
699 602.34199042
701 185.52076785
893 176.93081454
325 656.66042055
486 496.66920988
289 845.19663076
132 213.74108097
720 733.45271157
954 923.86718345
319 44.83339946
592 948.41508225
86 145.80162969
907 151.61738945
404 26.27100436
343 854.27216407
250 320.57255776
629 291.91067232
787 373.64766381
438 135.07580798
849 600.34784997
929 867.18457595
487 504.31000702
3 256.57472457
688 461.44761498
614 104.88509781
714 785.28055666
62 623.01422163
799 191.74181341
34 125.67021699
325 381.37507248
106 787.08746605
478 127.59663686
313 130.97561571
392 451.56434828
456 654.29459517
86 558.79992065
757 318.15979492
43 403.67375713
222 63.17889950
825 43.80846583
287 172.94857631
77 41.01446577
931 614.40894803
198 937.16147343
918 618.39643544
13 90.04019288
879 155.17462691
711 291.40388195
293 728.08508560
358 642.62269967
1 891.86709189
213 211.36289560
2 854.77648244
768 409.04062014
354 195.50984222
214 106.12219611
724 520.23969237
252 661.27478866
528 676.91137425
292 650.53688162
589 154.47087008
31 556.70378735
701 518.00650044
250 388.63310648
1 127.02380444
834 79.79378643
802 226.35651723
34 592.73662526
14 465.67122410
665 676.87636952
118 113.27579577
553 283.67317728
436 547.11444441
994 747.60771508
572 281.55446028
15 218.88512833
663 99.96087527
583 718.20352794
788 410.24539933
72 283.80782495
427 833.68773461
254 344.04275643
392 122.48426771
104 487.34934538
760 660.81090732
128 879.73445845
434 499.81191443
214 844.81786554
367 532.97753838
257 893.24109622
309 466.96688742
503 34.13943907
547 776.20133061
639 73.15259255
665 45.61806085
822 825.71129490
331 776.95910520
165 900.70397046
91 710.00497452
946 390.73296304
567 230.36725974
857 358.63139744
413 354.95529038
224 518.36005737
722 650.15753655
716 637.45951720
418 312.49754326
172 554.30475784
949 737.23999756
306 792.58857997
913 428.91900388
958 423.98092593
57 47.81694998
46 400.28458510
53 740.90856655
418 824.56334117
409 666.84871975
812 88.41422773
149 190.20130009
339 682.07013153
622 779.97091586
83 416.92818995
612 745.60921049
447 383.09295938
226 749.82778405
52 97.25388348
2 303.87734611
670 166.30115665
149 193.58189642
808 888.16010010
617 575.46415601
188 182.00268563
708 446.89458907
636 246.91265603
644 637.46418653
96 900.85552538
360 934.84551531
570 323.06457717
657 543.39204077
373 60.32297739
363 429.76088748
906 322.72548601
865 259.04657125
72 475.96716208
465 794.41825617
24 340.65218055
270 761.17383343
355 254.17377239
148 799.59743034
630 734.00643941
988 272.14770959
568 113.40278329
848 20.44520402
373 457.12155522
979 408.38660848
865 325.55757317
985 361.62401196
631 782.12302011
804 69.72554704
151 157.56755272
393 93.71199683
535 716.74623859
898 905.46192816
721 768.77715384
279 177.82415235
509 502.19519639
908 733.29380169
687 688.23523667
213 720.92251350
44 420.38624226
32 119.86965545
150 638.47874386
929 627.78505814
462 946.41981262
522 478.16809595
310 923.90398877
703 206.10098575
257 397.62495804
998 839.42646565
618 237.31992553
660 315.66234321
363 429.01956236
330 549.83703116
783 879.77657399
534 575.11947996
363 378.53062532
752 378.72939238
503 278.26258126
299 798.27008881
769 170.81756035
258 285.45820490
423 909.36594745
368 945.35010834
17 519.04330576
576 576.71443831
960 405.49095126
763 462.29538865
803 170.43617054
358 318.47947630
195 172.72579119
427 429.44254891
462 727.98644978
921 852.34025086
551 890.95440535
526 758.63844722
509 716.12152470
460 95.38486892
287 78.30582598
780 165.22617267
826 908.70357372
590 724.39661855
767 283.53566088
339 672.87725455
393 724.19263283
871 273.56584368
166 942.43241676
802 621.73763237
503 403.32013916
75 104.43809320
10 56.84356212
810 703.85760063
276 326.11554308
454 817.31723991
279 392.41392254
881 415.37296670
182 722.63023774
89 46.84261605
449 546.63115329
857 788.40766625
559 303.20264290
124 674.95846431
60 67.27127903
841 413.16510514
273 844.60808130
637 294.99502548
593 921.83861812
19 111.17822810
128 11.93688772
816 759.07947020
971 328.09335612
71 291.18619343
505 521.54506058
575 160.59581286
98 444.26117740
950 381.60710471
185 739.92089602
564 841.91213721
487 483.01757866
137 823.07480087
703 471.81121250
428 464.09451582
72 43.84221931
835 51.00927763
38 899.45133824
39 802.82589190
862 708.83526109
341 106.68852809
349 550.24207282
750 731.24848170
5 807.59111301
241 573.79165014
361 3.71803949
821 479.94927824
915 945.22202216
593 718.88103885
621 568.15033418
434 762.80636006
563 896.12619404
952 271.79287088
247 129.62825404
980 69.91576891
219 615.59349345
249 366.40458388
230 449.96264534
351 352.31672109
180 392.84292123
551 688.74816126
979 509.25580615
687 595.73491623
401 460.58555864
326 580.93746757
805 707.48106326
772 944.06167791
812 215.70656453
681 593.87926878
720 69.91549425
685 131.78853725
204 443.15994751
987 322.23596912
839 357.77025666
584 758.11542100
411 407.67033906
42 60.60914945
409 704.86199530
321 571.95168920
974 833.33463546
880 546.41227454
274 831.66869106
369 329.52793970
949 589.71834468
620 330.40198981
34 884.61436811
137 664.83874020
702 639.53935362
121 752.33622242
635 659.92577898
496 602.63338115
548 328.53358562
878 846.72789697
862 18.90524003
10 19.17465743
453 706.59602649
287 347.16312143
807 483.96331675
633 91.48387097
851 623.79082614
98 179.15277566
66 247.25479904
88 830.29090243
226 429.32428968
892 557.98583941
596 215.26230659
182 151.40806299
723 540.07464827
604 823.55330058
142 938.17032380
520 133.74666585
272 449.77196570
40 671.61210974
463 396.37473678
514 855.69466231
48 809.42237617
768 232.45655690
41 153.97021393
496 650.07473983
284 894.07031465
25 59.46717734
278 378.56022828
688 720.40095218
242 538.49208045
115 472.50505081
700 631.23310038
91 795.65297403
2 443.91497543
236 730.62077700
406 786.04763939
252 721.28666036
87 425.35554064
54 379.04641865
595 945.87243263
200 913.69997253
895 832.67085788
727 439.93972594
796 395.92214728
615 377.87224952
733 105.91613514
720 61.84847560
850 156.83532212
642 28.39646596
798 337.10303049
705 101.36509293
117 577.63646352
510 436.62266915
819 44.95196387
819 760.93874935
60 515.42692343
520 775.13135166
878 293.73213904
430 363.31473739
881 451.14795373
321 513.25595874
39 903.78365429
660 40.56962798
131 829.25971252
980 117.87270730
296 134.81456954
990 89.21051668
993 902.68022706
742 534.57475509
594 385.96441542
94 378.47016816
120 248.66863002
754 222.32651753
76 112.23795282
281 772.85296182
600 412.14740440
148 335.08624531
983 467.52403333
201 228.52595599
109 114.72313608
18 545.56340220
939 543.05420087
235 557.33506272
46 22.40684225
416 531.00610370
374 463.37211219
879 791.08224738
327 481.68929106
974 419.85064241
801 712.87359233
640 370.94268624
366 241.41044343
945 92.69176305
26 497.34824671
758 781.10724204
453 206.37348552
414 546.48719749
470 757.86529130
15 217.81240272
780 149.94222846
990 219.80986969
407 448.79094821
593 796.13666189
395 823.32441176
947 720.62343211
572 459.08798486
715 750.04779199
205 62.93459883
559 667.61537523
878 544.95269631
75 782.32612079
986 565.07892087
132 17.82848598
987 718.38340403
754 713.33429975
353 192.80617695
936 121.81029695
74 563.77501755
869 276.10086367
950 885.26837977
503 792.99868770
592 282.13183996
438 181.68755150
343 447.43513291
6 422.56251717
762 109.99410993
851 582.30814539
388 18.50511185
630 398.41624195
892 702.67036958
581 343.16827906
959 814.85851619
990 494.62697226
25 86.87105930
995 278.49458296
985 766.89434492
420 123.93285928
346 618.33555101
976 22.72203742
167 239.59627064
405 792.59172338
283 771.54756310
971 328.30842006
364 868.17065950
146 390.27826777
195 817.13171789
38 806.14413892
264 467.60072634
454 684.24906156
908 550.02615436
897 245.02697836
873 867.46012757
566 772.49382000
908 549.02365184
304 384.16949980
816 759.83065279
257 110.09161657
362 284.77599414
450 905.20896023
62 827.66655477
49 56.49119541
340 354.85476241
196 149.68742943
608 427.45045320
120 935.93346965
840 731.96288949
118 357.47175512
112 183.48350475
279 671.73577074
697 827.88985870
180 74.08145390
397 299.65449995
427 159.65599536
763 379.30518509
800 88.39381085
53 798.03088473
40 305.05545213
490 845.98333689
791 291.69432661
593 199.11621448
171 878.07943968
919 134.55406354
649 488.54200873
689 269.11682485
491 239.57414472
460 725.37199011
445 794.41758477
273 481.06250191
737 417.95861690
377 286.59892575
468 95.62392041
83 311.12417982
528 434.77037873
119 56.09298990
661 793.40672018
142 113.97271645
390 420.10403760
52 117.19800409
369 189.76525163
63 195.52235481
252 378.66081729
400 578.02697836
528 902.92077395
118 242.90298166
946 381.62828455
47 689.33378094
973 857.91216773
436 521.00405896
295 929.10901212
695 720.56593524
885 241.28727073
715 25.43546861
527 659.31678213
939 287.19339579
950 945.35853145
454 66.24701682
246 541.25891903
392 550.90606403
517 620.99209571
209 776.25257118
581 922.12402722
16 626.77422407
113 912.39844966
683 148.30057680
403 75.09338664
804 719.96594134
455 923.89428388
594 492.33613086
903 933.79479354
822 82.11426130
221 482.10333567
127 216.59758293
547 570.11792352
271 823.92938017
900 487.56584368
404 17.79165014
842 933.60991241
518 948.14767907
31 218.22455519
130 856.59096042
797 566.16919462
138 420.41343425
177 696.75673696
247 66.29740287
451 229.25769829
617 868.18512528
919 729.22052675
151 469.01550340
207 645.34867397
120 334.26136052
394 885.98455763
202 395.17893002
111 544.82998138
301 719.01940977
192 543.40928373
21 309.77465133
811 868.08108768
243 932.96057009
811 525.24942778
4 715.10791345
483 893.94289987
358 408.65581225
978 666.24552141
984 782.45207068
476 716.29825739
559 266.68556780
159 32.87389752
565 6.42674032
484 617.98342845
144 240.66759239
817 669.72331919
143 919.44846950
771 406.74748985
115 11.96606342
739 635.46772668
653 874.09735405
429 49.48014771
256 158.17648854
45 519.90313425
694 949.74330882
391 11.42518387
29 448.97970519
161 601.01776177
370 401.27588733
510 319.59950560
146 271.45823542
649 119.56437880
491 487.28147221
134 914.13559374
949 325.47025971
640 434.10278634
956 835.51145970
977 892.76689962
986 232.17288736
775 291.98263497
10 756.98504593
759 750.17423017
319 8.29050569
617 157.23331400
762 557.57069613
30 845.41261025
14 811.22037416
769 67.83205664
179 491.38990448
154 690.13653981
195 101.57020783
90 369.31647694
941 100.88686789
975 814.84316538
744 535.22095401
879 650.21271401
385 199.90777306
220 493.85155797
542 866.50901822
125 582.24585711
378 877.63402203
146 139.23715934
2566.42789643